version https://git-lfs.github.com/spec/v1
oid sha256:e769fa76e2ee09987c6033d987bf798f2d6fcbcd8fdb9ea3a69e2ecac969bdda
size 54151557
